# Covariance matrix with the diagonals in the order: xipxip ximxim with 0 tomographic clustering bins and 1 tomographic lensing bins and 9 elements per tomographic bin in mm9 spatial indices for probe 1 
8.368512e-09 1.280494e-12 8.941118e-13 5.548004e-13 3.110014e-13 1.679038e-13 9.226075e-14 4.992611e-14 2.397266e-14 2.607164e-15 2.758542e-14 9.722348e-14 1.241716e-13 1.141515e-13 8.214033e-14 4.863283e-14 2.665257e-14 1.533816e-14
1.280494e-12 2.022996e-09 8.930680e-13 5.535521e-13 3.094457e-13 1.668770e-13 9.167752e-14 4.959899e-14 2.381550e-14 -5.247992e-16 -7.829307e-15 2.600549e-14 9.885760e-14 1.084298e-13 8.117782e-14 4.852383e-14 2.665561e-14 1.534560e-14
8.941118e-13 8.930680e-13 4.887807e-10 5.563360e-13 3.075162e-13 1.649354e-13 9.052290e-14 4.894361e-14 2.349425e-14 2.318630e-15 1.898020e-15 -1.287831e-14 2.500203e-14 8.595303e-14 7.716956e-14 4.804493e-14 2.664592e-14 1.536736e-14
5.548004e-13 5.535521e-13 5.563360e-13 1.182852e-10 3.120644e-13 1.626416e-13 8.868252e-14 4.786461e-14 2.294722e-14 4.565147e-15 4.138591e-15 3.373316e-15 -1.273573e-14 1.920075e-14 6.100265e-14 4.577524e-14 2.643342e-14 1.537712e-14
3.110014e-13 3.094457e-13 3.075162e-13 3.120644e-13 2.872208e-11 1.659106e-13 8.668847e-14 4.646385e-14 2.219602e-14 7.226884e-15 6.630254e-15 5.646163e-15 4.388264e-15 -1.075114e-14 1.186073e-14 3.632285e-14 2.526292e-14 1.527201e-14
1.679038e-13 1.668770e-13 1.649354e-13 1.626416e-13 1.659106e-13 7.024766e-12 8.813472e-14 4.522966e-14 2.140565e-14 8.902417e-15 8.320378e-15 7.215287e-15 5.557345e-15 4.002080e-15 -7.302158e-15 6.486900e-15 2.016116e-14 1.459098e-14
9.226075e-14 9.167752e-14 9.052290e-14 8.868252e-14 8.668847e-14 8.813472e-14 1.744885e-12 4.602469e-14 2.093230e-14 8.123265e-15 7.713008e-15 6.876595e-15 5.519549e-15 3.804806e-15 2.501660e-15 -4.145229e-15 3.646361e-15 1.162441e-14
4.992611e-14 4.959899e-14 4.894361e-14 4.786461e-14 4.646385e-14 4.522966e-14 4.602469e-14 4.462476e-13 2.177071e-14 5.405521e-15 5.184402e-15 4.724121e-15 3.940879e-15 2.884678e-15 1.782218e-15 1.127914e-15 -2.306140e-15 2.154373e-15
2.397266e-14 2.381550e-14 2.349425e-14 2.294722e-14 2.219602e-14 2.140565e-14 2.093230e-14 2.177071e-14 1.188838e-13 3.070434e-15 2.950011e-15 2.704180e-15 2.291247e-15 1.733638e-15 1.141998e-15 6.636524e-16 4.456111e-16 -1.438246e-15
2.607164e-15 -5.247992e-16 2.318630e-15 4.565147e-15 7.226884e-15 8.902417e-15 8.123265e-15 5.405521e-15 3.070434e-15 8.366945e-09 1.135522e-15 6.618936e-16 5.057741e-17 1.956417e-18 3.626229e-18 2.847432e-18 1.364485e-18 7.981003e-19
2.758542e-14 -7.829307e-15 1.898020e-15 4.138591e-15 6.630254e-15 8.320378e-15 7.713008e-15 5.184402e-15 2.950011e-15 1.135522e-15 2.021803e-09 8.084591e-15 5.714961e-16 4.151060e-17 4.165546e-17 3.008363e-17 1.490828e-17 8.568556e-18
9.722348e-14 2.600549e-14 -1.287831e-14 3.373316e-15 5.646163e-15 7.215287e-15 6.876595e-15 4.724121e-15 2.704180e-15 6.618936e-16 8.084591e-15 4.879751e-10 7.333449e-15 5.408877e-16 1.844566e-16 1.168916e-16 6.140608e-17 3.376306e-17
1.241716e-13 9.885760e-14 2.500203e-14 -1.273573e-14 4.388264e-15 5.557345e-15 5.519549e-15 3.940879e-15 2.291247e-15 5.057741e-17 5.714961e-16 7.333449e-15 1.177948e-10 6.827251e-15 5.896821e-16 2.685808e-16 1.420802e-16 7.584707e-17
1.141515e-13 1.084298e-13 8.595303e-14 1.920075e-14 -1.075114e-14 4.002080e-15 3.804806e-15 2.884678e-15 1.733638e-15 1.956417e-18 4.151060e-17 5.408877e-16 6.827251e-15 2.845132e-11 5.220962e-15 5.707228e-16 2.613465e-16 1.359354e-16
8.214033e-14 8.117782e-14 7.716956e-14 6.100265e-14 1.186073e-14 -7.302158e-15 2.501660e-15 1.782218e-15 1.141998e-15 3.626229e-18 4.165546e-17 1.844566e-16 5.896821e-16 5.220962e-15 6.881931e-12 3.252489e-15 4.222675e-16 1.933780e-16
4.863283e-14 4.852383e-14 4.804493e-14 4.577524e-14 3.632285e-14 6.486900e-15 -4.145229e-15 1.127914e-15 6.636524e-16 2.847432e-18 3.008363e-17 1.168916e-16 2.685808e-16 5.707228e-16 3.252489e-15 1.669386e-12 1.762515e-15 2.447675e-16
2.665257e-14 2.665561e-14 2.664592e-14 2.643342e-14 2.526292e-14 2.016116e-14 3.646361e-15 -2.306140e-15 4.456111e-16 1.364485e-18 1.490828e-17 6.140608e-17 1.420802e-16 2.613465e-16 4.222675e-16 1.762515e-15 4.072121e-13 9.490378e-16
1.533816e-14 1.534560e-14 1.536736e-14 1.537712e-14 1.527201e-14 1.459098e-14 1.162441e-14 2.154373e-15 -1.438246e-15 7.981003e-19 8.568556e-18 3.376306e-17 7.584707e-17 1.359354e-16 1.933780e-16 2.447675e-16 9.490378e-16 1.007509e-13
